 x freq
 1    0
 2    0
 3    2
 4    7
 5   19
 6   13
 7    8
 8    2
 9    5
10   25
11   23
12    7
13    4
14    4
15   27
16   19
17    9
18    4
19    6
20   19
21   18
22    5
23    4
24   10
25   14
26   16
27   12
28    5
29    3
30   18
31   25
32    9
33    1
34   11
35   18
36   10
37    8
38    1
39    9
40   15
41   19
42    8
43    3
44   13
45   14
46   14
47    5
48    3
49    7
50   17
51   14
52    8
53    5
54   13
55   16
56   20
57    8
58    2
59    8
60   15
61   17
62    7
63    1
64    8
65   22
66   16
67    8
68    1
69    9
70   19
71   21
72    5
73    2
74   10
75   16
76   19
77   10
78    2
79    0
Inf    0
