length age
18     1
19     1
19.5   1
19.5   1
20     1
20     1
20.5   1
21     1
21     1
21     1
21.5   1
21.5   1
21.5   1
21.5   1
22     1
22.5   1
22.5   1
22.5   1
22.5   1
22.5   1
22.5   1
22.5   1
22.5   1
22.5   1
23     1
23     1
23     1
23     1
23     1
23.5   1
23.5   1
23.5   1
23.5   1
23.5   1
23.5   1
24     1
24     1
24     1
24     1
24     1
24.5   1
24.5   1
25     1
25     1
26     1
26     1
26     1
26.5   1
26.5   1
27     1
27.5   1
27.5   1
28     1
28.5   1
28.5   1
25     2
25.5   2
26.5   2
26.5   2
26.5   2
27     2
27.5   2
27.5   2
28     2
28     2
28     2
28     2
28     2
28     2
28     2
28     2
28.5   2
28.5   2
29     2
29     2
29     2
29     2
29     2
29     2
29     2
29     2
29.5   2
29.5   2
29.5   2
29.5   2
29.5   2
29.5   2
29.5   2
29.5   2
29.5   2
29.5   2
30     2
30     2
30     2
30     2
30     2
30     2
30     2
30     2
30     2
30     2
30.5   2
30.5   2
30.5   2
30.5   2
30.5   2
30.5   2
30.5   2
30.5   2
30.5   2
30.5   2
30.5   2
31     2
31     2
31     2
31     2
31     2
31     2
31     2
31.5   2
31.5   2
31.5   2
31.5   2
31.5   2
31.5   2
31.5   2
31.5   2
31.5   2
31.5   2
32     2
32     2
32     2
32     2
32     2
32     2
32     2
32     2
32     2
32     2
32     2
32     2
32     2
32.5   2
32.5   2
32.5   2
32.5   2
32.5   2
32.5   2
32.5   2
32.5   2
32.5   2
32.5   2
32.5   2
32.5   2
32.5   2
32.5   2
32.5   2
32.5   2
32.5   2
33     2
33     2
33     2
33     2
33     2
33     2
33     2
33     2
33     2
33     2
33     2
33     2
33     2
33     2
33     2
33     2
33     2
33     2
33     2
33     2
33     2
33     2
33.5   2
33.5   2
33.5   2
33.5   2
33.5   2
33.5   2
33.5   2
33.5   2
33.5   2
33.5   2
33.5   2
33.5   2
33.5   2
33.5   2
33.5   2
33.5   2
34     2
34     2
34     2
34     2
34     2
34     2
34     2
34     2
34     2
34     2
34     2
34     2
34     2
34     2
34.5   2
34.5   2
34.5   2
34.5   2
34.5   2
34.5   2
34.5   2
34.5   2
34.5   2
34.5   2
34.5   2
34.5   2
34.5   2
34.5   2
34.5   2
34.5   2
35     2
35     2
35     2
35     2
35     2
35     2
35     2
35     2
35     2
35     2
35     2
35     2
35     2
35     2
35     2
35     2
35     2
35     2
35     2
35.5   2
35.5   2
35.5   2
35.5   2
35.5   2
35.5   2
35.5   2
35.5   2
35.5   2
35.5   2
35.5   2
35.5   2
35.5   2
35.5   2
36     2
36     2
36.5   2
36.5   2
36.5   2
36.5   2
36.5   2
36.5   2
36.5   2
37     2
37     2
37     2
37     2
37     2
37.5   2
37.5   2
37.5   2
37.5   2
37.5   2
37.5   2
37.5   2
37.5   2
37.5   2
38     2
38     2
38     2
38     2
38     2
38     2
38.5   2
38.5   2
38.5   2
39     2
39.5   2
39.5   2
39.5   2
40.5   2
41.5   2
31     3
32     3
32.5   3
34.5   3
35     3
35.5   3
35.5   3
35.5   3
35.5   3
35.5   3
35.5   3
36     3
36     3
36     3
36.5   3
36.5   3
36.5   3
36.5   3
36.5   3
37     3
37     3
37     3
37     3
37     3
37.5   3
37.5   3
37.5   3
37.5   3
37.5   3
37.5   3
37.5   3
37.5   3
38     3
38     3
38     3
38.5   3
38.5   3
38.5   3
38.5   3
38.5   3
38.5   3
38.5   3
38.5   3
39     3
39     3
39     3
39     3
39     3
39     3
39     3
39     3
39     3
39     3
39     3
39.5   3
39.5   3
39.5   3
39.5   3
39.5   3
39.5   3
39.5   3
40     3
40     3
40     3
40     3
40     3
40     3
40     3
40     3
40     3
40     3
40     3
40     3
40.5   3
40.5   3
40.5   3
40.5   3
40.5   3
40.5   3
41     3
41     3
41     3
41     3
41     3
41     3
41     3
41     3
41     3
41     3
41     3
41.5   3
41.5   3
41.5   3
41.5   3
41.5   3
42     3
42     3
42     3
42     3
42.5   3
42.5   3
42.5   3
42.5   3
42.5   3
42.5   3
42.5   3
42.5   3
42.5   3
42.5   3
43     3
43     3
43     3
43     3
43     3
43.5   3
43.5   3
43.5   3
43.5   3
44     3
44     3
44     3
44     3
44.5   3
44.5   3
44.5   3
44.5   3
45     3
45     3
45     3
45     3
45     3
45     3
45.5   3
45.5   3
46     3
46.5   3
46.5   3
46.5   3
46.5   3
47     3
47.5   3
48     3
48     3
48     3
48.5   3
48.5   3
48.5   3
50     3
50     3
50.5   3
51     3
51.5   3
52     3
52.5   3
52.5   3
53     3
44.5   4
44.5   4
44.5   4
45     4
45.5   4
45.5   4
46     4
46     4
46     4
47     4
47     4
47.5   4
47.5   4
47.5   4
47.5   4
47.5   4
48     4
48.5   4
48.5   4
48.5   4
49.5   4
50     4
50     4
50.5   4
51     4
51.5   4
51.5   4
51.5   4
52     4
52.5   4
53     4
53.5   4
54     4
54.5   4
55     4
55     4
55     4
55.5   4
55.5   4
55.5   4
56     4
56     4
58.5   4
61     4
61     4
62.5   4
64.5   4
49.5   5
52     5
52     5
53.5   5
56.5   5
58.5   5
58.5   5
58.5   5
59     5
59.5   5
60     5
61     5
61     5
61     5
62.5   5
62.5   5
65     5
67.5   5
68.5   5
71     5
75     5
76.5   5

